# Input File Generated By SPARC ASE Calculator #
CELL:   11.338356755021570   11.338356755021570   12.515614557443207
BC: D D D
KPOINT_GRID: 1 1 1
EXCHANGE_CORRELATION: GGA_PBE
PRINT_ATOMS: 1
TOL_SCF: 1e-05
RELAX_FLAG: 1
PRINT_FORCES: 1
PRINT_RELAXOUT: 1
MESH_SPACING: 0.2267671351004314
